JOB_NAME=w156819asz2
ODB_VERSION_MAJOR=6
ODB_VERSION_MINOR=1
CREATION_DATE=20180910.190948
SAVE_DATE=20180910.193739
SAVE_APP=Genesis 09.07b2
SAVE_USER=0
